Sample Number,Language,Time (seconds),Number of Compares

1,Python,2018.669113,9994098678

2,Python,2013.802285,10036933271

3,Python,878.605557,4640972330

4,Python,469.523500,2502720126

5,Python,467.353675,2503298572

6,Python,465.340119,2498174715

7,Python,465.664910,2495592812

8,Python,473.869265,2514869234

9,Python,467.793367,2503222902

10,Python,467.354989,2492414886

11,Python,476.053811,2499300140

12,Python,467.397797,2497799423

13,Python,467.807708,2501504510

14,Python,549.602276,2505271156

15,Python,466.108813,2496743527

16,Python,472.266908,2497658920

17,Python,466.152274,2496418443

18,Python,466.600633,2501572471

19,Python,464.298497,2495420330

20,Python,467.381654,2504504151

21,Python,467.222896,2499506437

22,Python,467.509573,2504949498

23,Python,470.830406,2499826245

24,Python,468.768049,2502618436

25,Python,467.528531,2503331461

26,Python,467.289418,2502923845

27,Python,469.232844,2494454574

28,Python,469.610470,2500281463

29,Python,466.222216,2493075670

30,Python,467.452968,2497871681

31,Python,467.988234,2499962314

32,Python,472.715638,2497526650

33,Python,476.249446,2500300906

34,Python,477.144790,2496535948

35,Python,477.487707,2498420503

36,Python,477.351925,2495254065

37,Python,475.792653,2501625239

38,Python,473.566497,2497565237

39,Python,474.949352,2503430440

40,Python,476.787142,2491463416

41,Python,483.609614,2506800299

42,Python,472.452923,2498285471

43,Python,476.121948,2491767778

44,Python,475.936232,2498620532

45,Python,475.163038,2499592065

46,Python,479.567089,2501745517

47,Python,474.963887,2498435086

48,Python,475.704663,2506034656

49,Python,471.964019,2496383083

50,Python,476.635016,2492024404

51,Python,475.028918,2499919929

52,Python,472.790362,2496263590

53,Python,473.876931,2509411616

54,Python,477.165486,2498396997

55,Python,470.714720,2498342404

56,Python,471.364377,2505256034

57,Python,470.485205,2500177340

58,Python,493.009089,2502179034

59,Python,471.938480,2506664527

60,Python,544.400244,2496190412

61,Python,471.430342,2501347478

62,Python,474.198223,2506497343

63,Python,471.757748,2502382938

64,Python,468.396643,2490897724

65,Python,478.362203,2501986278

66,Python,473.841614,2503905717

67,Python,474.753804,2501321863

68,Python,474.357753,2507351586

69,Python,477.167433,2502891739

70,Python,479.740798,2503909576

71,Python,471.617419,2503392148

72,Python,471.403400,2502334500

73,Python,471.519004,2501572018

74,Python,470.959501,2507272431

75,Python,469.193991,2500446651

76,Python,582.417358,2497020083

77,Python,473.561074,2504850166

78,Python,472.305291,2495490988

79,Python,,
